2391777372
338452297
230377433
3743916221
3431424343
3174498759
3061461552
2958740523
2709286645
2628305995
2560693021
2548645790
2546326613
2544289336
2544181938
2511562577
2505849268
2485259962
2476747910
2473729617
2473338633
2473208977
2456426115
2418573645
2418512765
2406390624
2406347832
2404529619
2399929570
2390863952
2385569457
2327514506
2120131678
1926838672
1890890377
1826093902
1717888562
1119006378
711585747
624838522
619517948
458825235
424828696
342600249
265680882
228174893
224241324
168764771
3870213545
3867160697
3833522155
3757063769
3720286146
3628243144
3628188450
3571057414
3460514607
3447109263
3342375073
3257283337
2888740347
2843174594
2820150501
2773397284
2511621950
2478698403
2456555400
2309065921
2077591805
1785271286
1407634620
1316921017
849900965
763589231
275721128
259353785
258173692
254035772
228915407
197623611
3347744839
2485919052
2467126952
2263684863
1761924648
1371062280
1321097783
1316440394
1285624266
1257188977
1211460001
1103039352
1051247357
1043932426
902360142
889093285
859237138
795087251
611401940
448060911
224056307
3843010512
3248548457
3150011407
2543665488
2370642577
2226152564
1911273160
895485677
842527031
654010528
630051051
300868416
247327080
232854919
229722021
229708676
228158363
222065436
214033620
2913046418
2594810665
2132469429
1934872478
1335310303
3744992717
3410871732
3371636106
3117625316
2311618933
2298492785
2200207885
2136792151
1820677788
1806655138
1770337817
1717764319
1632158378
1321336807
1309689763
1035204289
919407296
911235355
880981959
856871422
813789241
748826167
624799534
193452483
188445145
3842951589
3841823664
3840374454
3831595011
3831561814
3802385772
3785316279
3780444389
3410785163
2487413282
779268400
228132901
222690683
2619280729
875182098
846525380
748740261
3778768570
3533283719
2616810466
1439839644
342211006
342160309
342041095
339641358
338811106
338479604
326720575
1371228945
1063049311
919106850
919024222
875126429
861084392
836972500
339529144
3533105209
1439709492
1373999067
1373601516
1282736136
339593319
1863578637
1259246859
654097954
343529313
342335101
342267795
339692485
282567674
280466553
196894943
873335226
3825797943
3207221680
3063800468
2939104963
2309346128
1260486825
1131749443
300808727
258319490
246488183
228928576
193419479
341989771
341236754
339684656
338855326
338679461
338541010
326937663
3532918992
1035406145
943705915
941503577
244888206
214126155
201839647
198380202
196299086
194311802
2973516842
2515922257
2513537022
2511501600
2504802848
2500868071
2500815209
2484973020
2484925561
326645658
3859482441
3399190723
3369074868
3257190114
3003273715
2602821284
2485787985
2456296950
2201202489
1024547951
1014566240
928995218
794778269
697837236
615971291
282615448
276788789
246440368
232837913
222019808
196870017
168639581
3820024769
1459632598
856787715
840527089
816618206
255168807
248315731
243240677
239867355
230395920
224289423
3855701454
3802880107
3796728560
3796698530
3791049041
3650365095
2129751795
1770632958
949589646
895415815
893094472
851978177
831363567
821972226
2870690438
2681250063
2592668315
2445004005
2437075772
2309680138
2261469693
2213576491
2200089225
2134332898
2129874358
2048951021
1799797567
1776899386
1770528173
1770434962
1103116826
911089471
848164755
711699808
653922212
630433429
619446056
611475176
456215320
438721892
328041800
244824947
224085327
185988970
3876840482
1821255056
1146651774
1041211462
945259933
823876637
325900403
219644053
213351263
3855733136
3808395797
3802597873
3796765225
3447428008
3431320066
3183517836
3105893370
2976371533
2558890613
2412515022
2381645302
2377903290
2309176982
1767989677
1321026347
1042807306
1035312148
904266212
875044432
278135648
248335449
247369714
240656792
232818880
208370220
170867146
3865629174
3862191731
3828923874
3814266651
3802647438
3650485983
3650256017
3583281622
3574281130
3554780806
3458774551
1793331636
1043157290
980088810
861168163
627876604
3819281025
3808433631
3785152214
3744887536
3105494633
3044373159
2973651424
2946883867
849721605
831183090
3831631158
3789444396
3540944657
3540938312
3540249851
3514021010
3447335654
3441451619
3429501310
3389370514
3385196961
3371206345
3370600049
3370544140
2976639082
2724150015
2556417784
2456105198
2382723885
2378927084
2374991875
2332859670
2189123265
1865731818
1803588699
1784334169
1475842179
1370691719
1354445615
1311631630
1284417803
1253666910
1131825249
1103213475
1043323736
1019025304
960359366
941834974
929104325
922224040
910991677
906453729
892889624
859649816
616060409
445457873
255089445
242375642
214140554
188490856
2660777961
2515569880
2416051537
2327276667
2320750659
2309431130
1820374918
1799438488
1146798467
1051142382
904187028
895252175
860511609
816499062
248262565
247268859
244907110
244065221
3503092830
3485428603
3475963253
3389047947
3385437845
3371498066
2325287017
1865783410
1844056382
1826188339
1326936041
852068218
794905313
427713688
195624255
187613683
183703262
3847181511
3841895370
3827391911
3771929862
3541613921
3540895414
3431535435
3266251787
3244019491
3199504620
3192395664
3115688805
3104722957
3054667788
3048069931
2976506492
2825108542
2773263173
2771020178
2724075996
2718177087
2709398530
2670488495
2657310128
2616908378
2609594295
2609385223
2543818674
2543717779
2489296800
2437558314
2436994826
2330634554
2179584368
1898177436
831474849
3802719158
3533041079
3460358084
3177076848
3104785919
2902633824
2819973121
2709516887
2674019322
2657186427
2607392234
2543922754
2478030299
2430595434
2196634536
1846277688
220251386
763509982
328222644
299664157
1131899258
326684038
224146673
199867853
198265105
191258395
181298394
3533205159
1847084005
1309420290
1260302558
923703376
805000932
327984589
3447203577
3183640745
3150209265
3054760401
3004608640
2974195811
2912913814
2870519125
2514509368
1951984698
1930659602
1844800050
1768961722
1766563403
1413958375
1334840143
627817173
619360280
610063019
328175175
254007144
221956588
218814922
181319647
2478553243
664439588
438580514
243269189
229712300
222044739
208283304
199904795
197581555
194295348
182070505
1470122677
856824656
844388568
454218566
300840762
3483838547
3483317344
3476089291
3386507801
3324889084
2179425324
1789893769
1014422574
654179023
609890450
254991929
230421748
2912736161
2658959665
2602710465
2599733130
2599640449
2599559289
2599441824
829488674
3192479405
2923470834
2548817569
2430690297
2318364473
2211121454
2208907575
2175001474
1887678420
1843959012
980402467
928885877
873372489
851627790
458782274
457237836
248285927
220392740
196222642
3750439905
2136902180
1846093617
1548272760
904092445
892696865
795006319
770437596
447962816
2965165474
2373084834
2487358559
2453310984
2211540606
1441784919
1434536161
1260038386
945316421
458872452
3859511356
3808337974
3808306533
3513769500
3503477490
3485349958
3385060647
3371383292
3325038032
3310810664
3183397075
2999517063
2906816880
2655044653
2610378479
2605938699
2602977775
2558940546
2515613421
2489959582
2477966119
2418946714
2378396959
2346486369
2176705733
1967398188
1877873367
908739511
902256190
859436539
630149397
609969337
454409190
2923570270
889296461
813849805
268682929
202850903
168596068
3483972165
3476252286
2937303020
2400028530
2337730914
2070329321
908892921
860465368
851889826
619158063
255147225
199755409
3386424283
2399580352
2267345373
1882132905
1821089566
2399883309
2148938845
1799665439
1259863638
876291399
874071083
873411710
869143517
818341117
804896043
779038365
630210555
253996457
240684634
213277594
3004551540
2160290252
1801956019
1765961149
1434815724
1418191387
1037060065
974592578
341954918
252050777
3740222531
2698602323
2607286347
2311450777
2269766154
2263630633
2230429856
2209535468
2144048364
1465658339
919191673
317689703
280447175
274488229
258343396
247346357
222770674
195637761
3851636976
3792499246
3624516760
3514122738
3341553936
2772730371
2770759188
2561013500
2498638558
2498575788
2487478446
2473832799
2451415994
2451307085
2447718255
2435666167
2419381469
2415989530
2378039891
2373142828
2368745182
2360067783
2341834217
2327593825
2327046163
2318463993
2309515554
2283284850
2268859904
2207265218
2207151083
2206397790
2204693507
2204280488
2199759193
1782992252
1345179919
874001803
205852695
2485068523
1882011585
1803724891
664365192
326576212
196280681
182041328
3028239575
902164812
3820835117
3814370461
2174680483
193368534
2330497401
1769370720
1259958859
865110184
813915359
779188684
220358252
3437813424
3378461693
2850384478
1951760870
1848706614
1064270071
985056560
906562679
895570943
856934665
803037748
226683328
3763151928
3763028575
3652501023
3192305504
3171613623
2681130563
2634516579
2617047167
2531445401
2456012232
2435030765
2334857089
2332998552
2224268916
2148284756
1865918000
1858268646
1826383629
1821413526
1795569100
1766077338
1761797673
1441951318
1327042498
1311751031
926969630
926922413
813977136
457680509
300744428
261323635
226656893
211732371
208309455
197605344
193505275
191243480
186006369
182875330
182055471
170827231
3763067525
3389453658
3049977578
3044317932
2973814352
2951908672
2939051506
2937403093
2911203854
2850239663
2833046655
2830996272
2485642240
2399722846
2264283397
2247609553
2148155562
1927038160
1858332010
1844919450
1809427601
1327154263
1282916399
1044019234
869051507
625439012
454331854
445305461
440929624
304828412
254086984
252021669
248352645
243996382
219688276
219669251
213218643
206007899
201150840
190515087
187535967
181336154
3801217316
3785212926
3785090492
3771788559
3737262535
3720203604
3650571392
3476015203
3462317378
3386605241
3371046587
3341276887
1373461858
1309545520
1176473666
978033432
943634424
941617082
910675415
908997231
906339529
240710919
190473094
182900858
3743832043
3044582155
2770871234
1043239880
860568960
456130336
454264791
445239073
226669339
199822448
194278450
168748460
3714362900
921749509
282652729
3156687543
2318301524
1939717608
1889139843
1350217185
1321253939
945547729
860611266
851802542
831271311
698042897
2264448925
1434922320
836843006
697716702
228898908
222718128
220287973
214174306
197551942
196924961
190498510
189242167
3848679005
3842903781
3685771673
3652424645
3652331276
3299510601
3046548812
2724291220
2404679866
2387444995
2382958721
2378691229
2374905554
2371286962
2369131164
2364435778
2359969619
2359829938
2325384570
2311271194
2309254677
2297485343
2268678252
2259498109
2247504108
2245612741
2204511115
2189201945
2175137762
2142053131
2139860738
2136635299
2134253681
2132579355
2079540345
2006253133
1999802848
1846192906
1044169888
804804068
445370050
328273870
305738181
251987107
246463194
239844889
221976777
214098489
213334554
196215023
194250176
191880930
2830907018
2476622111
2476399177
2473268552
891357458
1889293221
1900411123
1911176371
1918720346
1927145435
1952328084
1956674201
1967318186
2006342927
2120748114
2135194626
2137005645
2144294714
2175435951
2204034178
2209244538
2226092244
2264007059
2269512030
2303240147
2311332401
2327362109
2374947543
2399816687
2418635326
2418741907
2496480573
2660721775
2696291350
2787745170
3061508506
3105641829
3250579802
3272120770
3299475729
3306942931
3310714007
3341111058
3342306495
3342430140
3349642128
3361467994
3369185057
3370697713
3380425945
3382744654
3384981739
3385551145
3386885414
3387495863
3389142705
3390253530
3390387991
3390503398
3402862193
3424120221
3429429004
3433228737
3433318835
3437906572
3445153124
3445222928
3446855571
3446913016
3446994185
3460267345
3460430787
3474223699
3476171514
3483346435
3484560324
3485732179
3503201917
3503382072
3512329520
3512402707
3541730831
3567722776
3567771091
3574343656
3583203627
3583426742
3611961947
3623870687
3628326466
3630351707
3637988261
3638080906
3652604034
3696873594
3732331903
3737351661
3740782143
3756903421
3771880043
3784896546
3795734265
3798763863
3842007215
1858208172
1848644028
1816147722
1811723386
1811619361
1809517106
1790016980
1783083083
1766312292
1513061412
1475718223
1470402391
1449785005
1431989522
1422071075
1414139907
1404862967
1370886090
1368267454
1350330047
1321506257
974428220
953727073
941241459
927127709
923618394
909153342
892594277
619221018
427566194
338773900
338528959
326988101
305785397
304801403
282676263
247294385
244852171
244085022
243314948
226610723
221990840
213250123
213210444
211685118
201402605
199848347
192584801
190435144
188504932
181994882
170732254
3785038721
3784978429
3732288796
3047521067
2974035838
2384994260
2199919707
1951884278
1335067912
1322621339
1321431883
865316927
770362378
252101843
228209013
222753890
220214946
201767183
182856570
168711086
3876758196
3756975163
3115598437
3105074107
2850494379
2660663971
2655349794
2655230163
2550063331
2531509594
2378557116
2327427373
2160200831
2141957054
2136728538
2120506632
2091810956
1967626061
1949263608
1926945576
1790118113
1776469201
1770734016
1441640475
1253557574
1042321631
974301968
941308059
923745638
829707399
206734983
2196103289
1253427749
923367850
779345747
322156543
192517699
3822583500
3801302019
3784936302
3777324485
3774875981
3768569876
910731200
258264184
1367407307
929237093
253966964
252081731
170775533
3513902512
2634420484
1345304718
876124184
255121615
229701521
2371047977
1863644570
222736394
1858802245
3714269264
3171404126
3171318747
2204945181
1347898640
927295531
627954666
619297049
615813572
230440700
211712452
204256592
201190154
196912452
193482412
3863888695
3745038357
3732383858
3341198285
3192173220
2888869692
2773200166
2720063432
2318413970
2280115656
2213366603
2148094077
2120217742
1768851356
1765837304
1717523698
1371390311
1338688562
1285883431
1260138366
941733968
454539594
268638340
255042544
253931903
248376300
248233986
224195354
218857251
3765508149
3763111368
3740152772
3685927045
3649540397
3649498414
3583122109
3554740936
3374200642
3369286068
3046398607
2821449128
2557177040
2263945102
2175281910
2149092209
2091701116
2077726192
2049116240
2006425853
1967500227
1847213803
1512957437
1512797296
1334983508
1309284110
986941872
926802738
895360195
821893471
456064647
445520290
438636388
427599824
300781035
280374816
274522048
268600803
258363774
258221040
254066820
228912880
228142573
220410940
192612993
191921617
3685838194
3610071024
2496393362
2204830238
2135145033
1828317424
929336856
921891053
875982486
829590695
226644907
191231229
876263956
874162546
859539846
849654132
836927823
831549625
823949166
823737476
822071155
748661320
188471674
3750534963
3714179579
3550127658
3378334852
2303339260
2278542501
1820776347
902450635
840614062
824110675
2870588235
2318243554
2285915615
2268766018
2195927915
1795362610
1368149355
1329271136
1102975639
1080027169
1043041499
1042924780
978217392
954051988
923511632
259308724
244025758
243297578
224219134
224116554
222035490
214164693
214067637
208345761
201420112
196941115
196265445
3761849885
986807993
339608506
201794796
196290521
3787685328
3046297917
3044497555
2963430309
2773115405
2320402757
2266537218
1585205484
322087297
232815248
221913205
2724371120
2269626113
2144407440
1976384771
1934991650
1820974502
1799539586
1131624323
1062918521
848073814
842630260
670798320
427528603
3248448133
2951517144
2724621407
2610226045
1936873855
328078315
326603990
274446265
1434654602
802954389
304857472
282700778
258300073
248206736
242344414
228196059
224265973
214152626
213310944
202879130
196247611
192650481
191909147
187587609
182025168
3513835662
2958889033
2912840285
1909584853
1905452684
1764224728
1475600693
1470248652
1385521813
1131577480
893027291
844308381
611544244
448023390
322046473
304774451
300696592
280490802
278107943
275753091
265653485
261377131
259397455
220326023
192537531
3458852718
1878059007
1828135545
1806556284
1298782712
1018930150
980239749
328121538
229679010
220180056
213296884
199802792
168675401
3840317604
1820854320
1329403447
3550031217
3342485357
2609514762
2418825513
2381496679
2380590253
2144166263
2135273757
1918829828
1904084282
1858633083
1858408834
1849292243
1826289319
1820537051
1785128658
1776592396
1765649108
1762137217
849813613
842451667
824013916
779118555
770264714
707918913
327052950
325958875
222050383
208382679
3798725432
3512502864
3257085521
3115788971
2854516900
2772868032
2696372274
2592801880
2243074292
2120636528
2089737151
1848564933
1767901626
1717629555
1585344677
1529956863
1475484659
1465634909
1449621939
1432131597
1407619376
1395670467
1395575901
1385650475
1368086520
1365089427
1348051988
1316770869
1298913251
1257049322
1211347726
1042708874
1035164199
974204207
949722030
945374006
922057343
919287961
906249719
906132290
906001394
892773905
889175571
881132038
851704867
816365146
3837291908
2139708000
1936947080
1765748113
1736635514
1465506505
1350477999
1239662714
1042553353
978138932
945471392
921615284
865212722
711490813
697974953
630317950
3787829045
3716918894
2724493293
2717827874
2634651008
2311827566
992554679
259265036
248356673
243290942
241444527
232787601
229719246
228949365
222009395
218840281
2333103660
1846367830
953851253
2257870309
3696963079
1766427816
908619177
616128676
615908751
1321212718
891470348
3802531244
3765418099
3750331203
3423985558
3401712976
3387844718
3387661899
3386342222
3324935685
2975714412
2656848903
2609444977
2607474421
3778860807
1911422881
1872596181
2619191089
1820463846
1439598088
1373762098
1353597448
1353492927
1335189244
1311562802
1283165233
3891846588
3740279196
3382650992
3310850365
3207314306
3197760723
3192227769
3177144548
3174534648
3169466659
3169359055
3156802216
3150125474
3150058450
3105179730
3101604934
3097806204
3060154729
3047936858
3042459781
3038522815
2958608389
2946687881
2923365916
2911337144
2888640954
2870452127
3824354620
3819311184
3819072293